-4.022  
-2.883  
-1.781  
-0.693  
0.4450000226  
1.616000056  
2.755000114  
3.851000071  
4.915000439  
6.012000561  
7.116000652  
8.186000824  
9.276705742  
10.42017651  
11.6060009  
12.78300095  
13.93900108  
15.06300068  
15.85790443  
17.2840004  
18.43099976  
19.59300041  
20.72000122  
21.83300018  
22.94000053  
24.1230011  
25.30500221  
26.47974205  
27.64620209  
28.78300095  
29.86700249  
30.97700119  
32.13300323  
33.31500244  
34.37700272  
35.42100143  
36.49700165  
37.64200211  
38.75200272  
39.88700104  
41.08600235  
42.26800156  
43.42700195  
44.56800079  
45.66899872  
46.74000168  
47.80686951  
48.94234085  
50.05500031  
51.14500427  
52.2100029  
53.36000443  
54.51900482  
55.65700531  
56.79600525  
57.97500229  
59.14200211  
60.29300308  
61.42100143  
62.53100204  
63.64200211  
64.79000092  
65.98899841  
67.19999695  
68.34700012  
69.45000458  
70.58000183  
71.71580505  
72.89425659  
74.06500244  
75.22000885  
76.31400299  
77.39800262  
78.5490036  
79.75600433  
80.90600586  
82.00500488  
83.0470047  
84.06600189  
85.06500244  
86.15200043  
87.30800629  
88.50100708  
89.602005  
90.66300201  
91.67100525  
92.69700623  
93.74060822  
94.85808563  
96.00900269  
97.08500671  
98.17100525  
99.15800476  
100.1259995  
101.114006  
102.2500076  
103.404007  
104.5470047  
105.6110077  
106.6650085  
107.7330093  
108.8570099  
109.9570007  
111.0000076  
111.9990082  
112.9830093  
114.0410004  
115.1610031  
116.3250046  
117.4846115  
118.6070938  
119.6590042  
120.6390076  
121.602005  
122.6090012  
123.7350006  
124.8680038  
126.0130081  
127.1350021  
128.2340088  
129.3170013  
130.3450012  
131.3310089  
132.3100128  
133.378006  
134.496994  
135.5330048  
136.576004  
137.6660004  
138.7547607  
139.8242798  
140.8240051  
141.8490143  
142.9430084  
144.0429993  
145.0910034  
146.1500092  
147.2430115  
148.3490143  
149.5441437  
150.4698486  
151.4850159  
152.5590057  
153.6390076  
154.7200012  
155.7779999  
156.8590088  
157.9830017  
159.1230164  
160.2510071  
161.3460083  
162.3939972  
163.4060059  
164.4880066  
165.6100006  
166.7698059  
167.9002838  
169.0230103  
170.0749969  
171.0590057  
172.0540009  
173.0910034  
174.2380066  
175.4390106  
176.5900116  
177.6620178  
178.6990204  
179.7580109  
180.8789978  
182.0510101  
183.1710052  
184.2680054  
185.280014  
186.2480164  
187.2320099  
188.2748413  
189.3953247  
190.5800018  
191.7320099  
192.878006  
193.9100037  
194.8850098  
195.8940125  
196.9780121  
198.0800018  
199.1719971  
200.20401  
201.2330017  
202.2400055  
203.2490082  
204.3100128  
205.3670197  
206.405014  
207.5200195  
208.6920013  
209.8328552  
210.9103699  
211.957016  
212.9470062  
213.9300079  
214.9780121  
216.0910187  
217.2260132  
218.2960052  
219.3120117  
220.3640137  
221.4400024  
222.5670166  
223.6800079  
224.8289642  
226.8717194  
229.1010132  
230.2100067  
231.2710114  
232.2840118  
233.306015  
234.3750153  
235.5109711  
236.5924683  
237.6460114  
238.7080078  
239.8210144  
240.9740143  
242.07901  
243.1360168  
244.1230164  
245.105011  
246.197998  
247.3590088  
248.5100098  
249.6460114  
250.7190094  
251.7320099  
252.7590179  
253.8170166  
254.8990021  
255.9360046  
256.9370117  
257.9785767  
259.0480957  
260.1040039  
261.1390076  
262.1440125  
263.1770325  
264.2700195  
265.3520203  
266.3700256  
267.3760071  
268.4370117  
269.5230103  
270.5249939  
271.4949951  
272.4880066  
273.5610046  
274.6600037  
275.710022  
276.7900085  
277.90802  
278.9900208  
280.0000305  
281.0169067  
282.0604248  
283.0680237  
284.0010376  
284.9480286  
285.9610291  
287.0069885  
287.9970093  
288.9960022  
290.026001  
291.1190186  
292.2010193  
293.2340088  
294.223999  
295.2400208  
296.3040161  
297.3840027  
298.4220276  
299.4320068  
300.4740295  
301.5710144  
302.6379089  
303.6584167  
304.6719971  
305.7170105  
306.7799988  
307.7879944  
308.7950134  
309.8280029  
310.9210205  
311.9830017  
313.0250244  
314.0550232  
315.1240234  
316.2130127  
317.2190247  
318.1720276  
319.1820374  
320.257019  
321.3240356  
322.3450317  
323.3900146  
324.4880066  
325.6000061  
326.67276  
327.6983032  
328.7170105  
329.7720032  
330.8650208  
331.9700012  
333.0310059  
334.0920105  
335.1790161  
336.2760315  
337.3790283  
338.4240112  
339.4890137  
340.6150208  
341.7650146  
342.8670044  
343.9120178  
344.973999  
346.0840149  
347.210022  
348.3027649  
349.3352966  
350.3000183  
351.3210144  
352.4230042  
353.5480347  
354.6410217  
355.7080383  
356.8300171  
357.9720154  
359.0880127  
360.1329956  
361.1549988  
362.2390137  
363.3410034  
364.3890076  
365.4219971  
366.4930115  
367.6210022  
368.7510071  
369.7840271  
370.8380127  
371.9198303  
373.0273132  
374.0860291  
375.0990295  
376.1230164  
377.2090149  
378.3389893  
379.4490051  
380.5150146  
381.5289917  
382.5870056  
383.6800232  
384.7539978  
385.7929993  
386.7950134  
387.8450317  
388.9120178  
390.006012  
391.0240173  
392.0540161  
393.1360168  
394.2245178  
395.2330627  
396.1940308  
397.1799927  
398.1860046  
399.1560059  
400.1480103  
401.1670227  
402.223999  
403.3619995  
404.5090027  
405.6490173  
406.7700195  
407.8490295  
408.9110107  
409.9040222  
410.8540344  
411.8580322  
412.960022  
414.1100159  
415.2600098  
416.3740234  
417.4977112  
418.6152039  
419.6360168  
420.6220093  
421.6380005  
422.7310181  
423.9000244  
424.9890137  
426.039032  
427.131012  
428.2520142  
429.3370361  
430.3530273  
431.3390198  
432.3580322  
433.3980103  
434.4240112  
435.4169922  
436.4089966  
437.4389954  
438.5369873  
439.6434631  
440.7530212  
441.8050232  
442.8120117  
443.86203  
444.9630127  
446.0730286  
447.1650391  
448.210022  
449.2680359  
450.3640442  
451.4820251  
452.5430298  
453.5450134  
454.5809937  
455.631012  
456.6890259  
457.7250061  
458.7120056  
459.7020264  
460.7350159  
461.7690125  
462.8227539  
463.4194641  
463.9002686  
464.9940186  
465.638031  
466.1240234  
467.2540283  
468.3480225  
469.3660278  
470.3630066  
471.3869934  
472.4370117  
473.4880066  
474.4930115  
475.5050049  
476.5730286  
477.6800232  
478.7360229  
479.7210083  
480.7280273  
481.7760315  
482.8520203  
483.9140015  
484.9155273  
485.9540405  
487.0470276  
488.1370239  
489.1390076  
490.1070251  
491.1029968  
492.132019  
493.1849976  
494.2120056  
495.2970276  
496.4180298  
497.5030212  
498.5380249  
499.5800171  
500.6250305  
501.5950317  
502.5450134  
503.5430298  
504.6190186  
505.6780396  
506.7030029  
507.7609253  
508.8514404  
509.8990173  
510.8970032  
511.8940125  
512.9650269  
514.052002  
515.1030273  
516.1419678  
517.1929932  
518.2839966  
519.3259888  
520.3280029  
521.401001  
522.4950562  
523.5540161  
524.5700073  
525.6210327  
526.6600342  
527.6370239  
528.6110229  
529.6268311  
530.7103271  
531.78302  
532.8240356  
533.8550415  
534.9160156  
535.9639893  
536.9650269  
537.960022  
538.9849854  
540.026001  
541.0159912  
541.9840088  
542.9810181  
544.026001  
545.0320435  
546.0340576  
547.0270386  
548.0650024  
549.0980225  
550.1160278  
551.1290283  
552.1650391  
553.2578735  
554.3393555  
555.3649902  
556.3779907  
557.4070435  
558.4769897  
559.492981  
560.5029907  
561.5840454  
562.7340088  
563.8560181  
564.901001  
565.9590454  
567.0440063  
568.1340332  
569.15802  
570.1360474  
571.1490479  
572.2790527  
573.4130249  
574.4940186  
575.5795288  
576.7090454  
577.8129883  
578.8720093  
579.8760376  
580.9090576  
581.9590454  
583.0549927  
584.085022  
585.0790405  
586.1130371  
587.1830444  
588.2450562  
589.2450562  
590.2750244  
591.3500366  
592.4190063  
593.4320068  
594.434021  
595.4730225  
596.5350342  
597.5450439  
598.5408936  
599.576416  
600.6460571  
601.6710205  
602.6640015  
603.6660156  
604.7080688  
605.7580566  
606.7790527  
607.7960205  
608.8369751  
609.9039917  
610.9050293  
611.8780518  
612.8790283  
613.94104  
615.0180054  
616.0510254  
617.1279907  
618.2090454  
619.2560425  
620.2628784  
621.3353882  
622.3990479  
623.4350586  
624.4220581  
625.4440308  
626.5370483  
627.6040039  
628.6519775  
629.7540283  
630.8650513  
631.8920288  
632.9000244  
633.9380493  
634.9800415  
635.9760132  
636.9910278  
638.052002  
639.0880127  
640.1020508  
641.1430054  
642.2180176  
643.2540283  
644.2557983  
645.2902832  
646.3630371  
647.3560181  
648.381  
649.397  
650.359  
651.297  
652.32  